%% Matlab mesh
%% plateWithHole, Created by Gmsh
%% ASCII
clear msh;
msh.nbNod = 153;
msh.POS = [
1 -1 0;
1 1 0;
-1 1 0;
-0.7 -1 0;
-1 -0.7 0;
-0.7878679656440357 -0.7878679656440357 0;
-0.7014445820018494 -0.9705948578655088 0;
-0.705764415888863 -0.941472903345732 0;
-0.7129178993407226 -0.9129145966245978 0;
-0.7228361403694678 -0.8851949699938777 0;
-0.7354236207365896 -0.8585809788753151 0;
-0.7505591162614323 -0.8333289301656631 0;
-0.7680968639966972 -0.8096820147441821 0;
-0.8096820148060832 -0.7680968639458964 0;
-0.8333289300906832 -0.7505591163115323 0;
-0.8585809790194989 -0.7354236206595217 0;
-0.8851949705866085 -0.7228361401239506 0;
-0.9129145971462264 -0.7129178991824883 0;
-0.9414729035683557 -0.7057644158445804 0;
-0.9705948579309706 -0.7014445819954021 0;
-1 -0.4875000000003442 0;
-1 -0.2750000000007352 0;
-1 -0.06250000000140821 0;
-1 0.1499999999978956 0;
-1 0.3624999999983927 0;
-1 0.5749999999989479 0;
-1 0.7874999999994152 0;
-0.7500000000004586 1 0;
-0.5000000000011042 1 0;
-0.2500000000019272 1 0;
-2.750244476601438e-12 1 0;
0.2499999999979372 1 0;
0.4999999999986249 1 0;
0.7499999999993123 1 0;
1 0.7500000000004586 0;
1 0.5000000000011042 0;
1 0.2500000000019272 0;
1 2.750244476601438e-12 0;
1 -0.2499999999979372 0;
1 -0.4999999999986249 0;
1 -0.7499999999993123 0;
0.7875000000004619 -1 0;
0.5750000000009841 -1 0;
0.3625000000016478 -1 0;
0.1500000000021044 -1 0;
-0.06249999999839262 -1 0;
-0.2749999999989479 -1 0;
-0.4874999999994152 -1 0;
0.7765165042948812 0.7765165042948812 0;
0.5530330085902291 0.5530330085902291 0;
0.3295495128852336 0.3295495128852336 0;
0.1060660171802601 0.1060660171802601 0;
-0.1174174785260442 -0.1174174785260442 0;
-0.3409009742320406 -0.3409009742320406 0;
-0.5643844699380782 -0.5643844699380782 0;
-0.4425974852935426 0.1385819299381059 0;
-0.2212987426481464 0.569290964969053 0;
-0.7212987426467713 0.1442909649680008 0;
-0.6106493713239377 0.5721454824840004 0;
-0.6638962279400755 -0.2921271050929223 0;
-0.8313858231075635 -0.2807367254381313 0;
-0.1682657340566412 0.122323973559183 0;
0.1658671329710413 0.561161986779641 0;
-0.5007973320737387 -0.314117571376251 0;
-0.5553246856625209 0.7860727412420002 0;
-0.8053246856619689 0.5735727412414742 0;
-0.7776623428312137 0.7867863706207079 0;
-0.1106493713254483 0.7846454824845265 0;
-0.4159740569860421 0.5707182237265267 0;
-0.3329870284939846 0.7853591118632635 0;
-0.3319481139708445 0.3539364474535794 0;
-0.581948113970157 0.1414364474530533 0;
-0.6659740569853545 0.3582182237260006 0;
-0.4989610854780996 0.35607733558979 0;
-0.8606493713233856 0.1471454824829482 0;
-0.8329870284926773 0.3603591118621966 0;
-0.7763422828771673 -0.06822288023506526 0;
-0.9156929115537817 -0.2778683627194332 0;
-0.8881711414385837 -0.06536144011823673 0;
-0.5532468566168091 -0.07677258757740821 0;
-0.7476410255238195 -0.2864319152655268 0;
-0.6647945697469881 -0.07249773390623673 0;
-0.774545599263342 -0.5074816226084364 0;
-0.8864293633379596 -0.4932505706413558 0;
-0.830277811335023 -0.4996749072240075 0;
-0.9431438847423761 -0.4896564723574059 0;
0.3329335664848331 0.7805809933898205 0;
-0.02771580483855254 0.565226475874347 0;
0.1111420975796923 0.7826132379371735 0;
0.3594500707806352 0.557097497684935 0;
0.554725035389857 0.7785487488423508 0;
-0.03109985843819058 0.1141949953697216 0;
-0.001199300542799958 0.341742980169412 0;
0.1641751061712168 0.3356462465273228 0;
-0.3054316096750919 0.1304529517486445 0;
-0.1665737072568222 0.3478397138114957 0;
-0.33453153306519 -0.09589679890853398 0;
-0.5823467800069071 -0.3031223382345867 0;
-0.4438891948409995 -0.08633469324297109 0;
-0.4208491531528896 -0.3275092728041458 0;
-0.2259745057956171 -0.1066571387172891 0;
-0.6670631310822109 -0.5323383438438916 0;
-0.6152655839795065 -0.547803068375041 0;
-0.720463879513203 -0.5192729794470541 0;
0.1385819298174308 -0.4425974849944357 0;
0.1223239734988454 -0.1682657339070878 0;
0.5692909649087153 -0.2212987424958427 0;
0.5611619867494723 0.1658671330470577 0;
0.1442909649097676 -0.7212987424972179 0;
0.5721454824548498 -0.6106493712479214 0;
-0.2921271052760185 -0.6638962274941567 0;
-0.3141175713813699 -0.5007973320364518 0;
-0.2807367254895478 -0.831385822921475 0;
0.5570974976698506 0.3594500708186434 0;
0.7805809933747361 0.332933566524081 0;
0.7785487488348086 0.5547250354094343 0;
0.1141949953395528 -0.03109985836341386 0;
0.3417429801241588 -0.001199300430015038 0;
0.3356462465046962 0.1641751062276093 0;
0.1304529516581381 -0.3054316094507618 0;
0.3539364473630731 -0.3319481137451392 0;
0.5652264758290938 -0.0277158047243925 0;
0.3478397137436159 -0.1665737070875771 0;
0.7846454824543576 -0.1106493712465463 0;
0.782613237914547 0.1111420976387674 0;
0.5707182236817825 -0.415974056871882 0;
0.7860727412274249 -0.5553246856232732 0;
0.7853591118408912 -0.3329870284349097 0;
0.1414364473635992 -0.5819481137458269 0;
0.3582182236823087 -0.6659740568725696 0;
0.3560773355226908 -0.4989610853088545 0;
0.147145482455936 -0.860649371248609 0;
0.5735727412279169 -0.8053246856239606 0;
0.3603591118419783 -0.8329870284362848 0;
0.7867863706139435 -0.7776623428116365 0;
-0.3275092728067052 -0.4208491531342462 0;
-0.09589679894126221 -0.3345315329717699 0;
-0.1066571387336532 -0.225974505748907 0;
-0.5323383438214011 -0.6670631311010575 0;
-0.5478030684017213 -0.6152655839392343 0;
-0.5074816228227431 -0.7745455987440172 0;
-0.3031223383286942 -0.5823467797653042 0;
-0.519272979532642 -0.7204638793203096 0;
-0.07677258772929385 -0.5532468562442963 0;
-0.08633469333527805 -0.4438891946080331 0;
-0.2864319153827831 -0.7476410252078158 0;
-0.06822288028989007 -0.7763422827093465 0;
-0.07249773400959197 -0.6647945694768214 0;
-0.4932505706892054 -0.8864293631336035 0;
-0.4996749073617529 -0.8302778109162069 0;
-0.2778683627442478 -0.9156929114607375 0;
-0.4896564723730192 -0.9431438846631232 0;
-0.06536144014414134 -0.8881711413546732 0;
];
msh.MAX = max(msh.POS);
msh.MIN = min(msh.POS);
msh.LINES =[
 4 7 12
 7 8 12
 8 9 12
 9 10 12
 10 11 12
 11 12 12
 12 13 12
 13 6 12
 6 14 12
 14 15 12
 15 16 12
 16 17 12
 17 18 12
 18 19 12
 19 20 12
 20 5 12
 5 21 10
 21 22 10
 22 23 10
 23 24 10
 24 25 10
 25 26 10
 26 27 10
 27 3 10
 3 28 9
 28 29 9
 29 30 9
 30 31 9
 31 32 9
 32 33 9
 33 34 9
 34 2 9
 2 35 8
 35 36 8
 36 37 8
 37 38 8
 38 39 8
 39 40 8
 40 41 8
 41 1 8
 1 42 11
 42 43 11
 43 44 11
 44 45 11
 45 46 11
 46 47 11
 47 48 11
 48 4 11
];
msh.QUADS =[
 3 28 67 27 13
 28 29 65 67 13
 67 65 59 66 13
 27 67 66 26 13
 29 30 70 65 13
 30 31 68 70 13
 70 68 57 69 13
 65 70 69 59 13
 59 69 74 73 13
 69 57 71 74 13
 74 71 56 72 13
 73 74 72 58 13
 26 66 76 25 13
 66 59 73 76 13
 76 73 58 75 13
 25 76 75 24 13
 24 75 79 23 13
 75 58 77 79 13
 79 77 61 78 13
 23 79 78 22 13
 58 72 82 77 13
 72 56 80 82 13
 82 80 60 81 13
 77 82 81 61 13
 61 81 85 84 13
 81 60 83 85 13
 85 83 17 18 13
 84 85 18 19 13
 22 78 86 21 13
 78 61 84 86 13
 86 84 19 20 13
 21 86 20 5 13
 31 32 89 68 13
 32 33 87 89 13
 89 87 63 88 13
 68 89 88 57 13
 33 34 91 87 13
 34 2 49 91 13
 91 49 50 90 13
 87 91 90 63 13
 63 90 94 93 13
 90 50 51 94 13
 94 51 52 92 13
 93 94 92 62 13
 57 88 96 71 13
 88 63 93 96 13
 96 93 62 95 13
 71 96 95 56 13
 56 95 99 80 13
 95 62 97 99 13
 99 97 64 98 13
 80 99 98 60 13
 62 92 101 97 13
 92 52 53 101 13
 101 53 54 100 13
 97 101 100 64 13
 64 100 103 102 13
 100 54 55 103 13
 103 55 6 14 13
 102 103 14 15 13
 60 98 104 83 13
 98 64 102 104 13
 104 102 15 16 13
 83 104 16 17 13
 2 49 116 35 13
 49 50 114 116 13
 116 114 108 115 13
 35 116 115 36 13
 50 51 119 114 13
 51 52 117 119 13
 119 117 106 118 13
 114 119 118 108 13
 108 118 123 122 13
 118 106 120 123 13
 123 120 105 121 13
 122 123 121 107 13
 36 115 125 37 13
 115 108 122 125 13
 125 122 107 124 13
 37 125 124 38 13
 38 124 128 39 13
 124 107 126 128 13
 128 126 110 127 13
 39 128 127 40 13
 107 121 131 126 13
 121 105 129 131 13
 131 129 109 130 13
 126 131 130 110 13
 110 130 134 133 13
 130 109 132 134 13
 134 132 45 44 13
 133 134 44 43 13
 40 127 135 41 13
 127 110 133 135 13
 135 133 43 42 13
 41 135 42 1 13
 52 53 138 117 13
 53 54 136 138 13
 138 136 112 137 13
 117 138 137 106 13
 54 55 140 136 13
 55 6 13 140 13
 140 13 12 139 13
 136 140 139 112 13
 112 139 143 142 13
 139 12 11 143 13
 143 11 10 141 13
 142 143 141 111 13
 106 137 145 120 13
 137 112 142 145 13
 145 142 111 144 13
 120 145 144 105 13
 105 144 148 129 13
 144 111 146 148 13
 148 146 113 147 13
 129 148 147 109 13
 111 141 150 146 13
 141 10 9 150 13
 150 9 8 149 13
 146 150 149 113 13
 113 149 152 151 13
 149 8 7 152 13
 152 7 4 48 13
 151 152 48 47 13
 109 147 153 132 13
 147 113 151 153 13
 153 151 47 46 13
 132 153 46 45 13
];
